/*
 * ------------------------------------------------------------------------
 * B.Sc. (Hons) in Software Development - Artificial Intelligence
 * ------------------------------------------------------------------------
 
   Data set for the Neural Network Signal Lab

*/

double[][] data = { { 1, 1, 1, 0 }, { 1, 1, 0, 0 }, { 0, 1, 1, 0 }, { 1, 0, 1, 0 }, { 1, 0, 0, 0 },
		            { 0, 1, 0, 0 }, { 0, 0, 1, 0 }, { 1, 1, 1, 1 }, { 1, 1, 0, 1 }, { 0, 1, 1, 1 }, 
		            { 1, 0, 1, 1 }, { 1, 0, 0, 1 }, { 0, 1, 0, 1 }, { 0, 0, 1, 1 } };


double expected[][] = {
		{ 1, 0, 0, 0, 0, 0, 0, 0, 0, 0, 0, 0, 0, 0 }, { 0, 1, 0, 0, 0, 0, 0, 0, 0, 0, 0, 0, 0, 0 },
		{ 0, 0, 1, 0, 0, 0, 0, 0, 0, 0, 0, 0, 0, 0 }, { 0, 0, 0, 1, 0, 0, 0, 0, 0, 0, 0, 0, 0, 0 },
		{ 0, 0, 0, 0, 1, 0, 0, 0, 0, 0, 0, 0, 0, 0 }, { 0, 0, 0, 0, 0, 1, 0, 0, 0, 0, 0, 0, 0, 0 },
		{ 0, 0, 0, 0, 0, 0, 1, 0, 0, 0, 0, 0, 0, 0 }, { 0, 0, 0, 0, 0, 0, 0, 1, 0, 0, 0, 0, 0, 0 },
		{ 0, 0, 0, 0, 0, 0, 0, 0, 1, 0, 0, 0, 0, 0 }, { 0, 0, 0, 0, 0, 0, 0, 0, 0, 1, 0, 0, 0, 0 },
		{ 0, 0, 0, 0, 0, 0, 0, 0, 0, 0, 1, 0, 0, 0 }, { 0, 0, 0, 0, 0, 0, 0, 0, 0, 0, 0, 1, 0, 0 },
		{ 0, 0, 0, 0, 0, 0, 0, 0, 0, 0, 0, 0, 1, 0 }, { 0, 0, 0, 0, 0, 0, 0, 0, 0, 0, 0, 0, 0, 1 } };

		